00100000000010000000010001010111
00100000000011110000000000001111
00010001111000000000000000011011
00100000000000010000000000001010
00000001000000010000000000011010
00000000000000000100100000010010
00100000000000010000000000001010
00000001000000010000000000011010
00000000000000000101000000010000
00100000000000010000000000001010
00000001001000010000000000011010
00000000000000000110000000010000
00000001010011000110100000100110
00100000000010110000001111101000
00000001101010110000000000011000
00000000000000000110100000010010
00100000000000010000000000001010
00000001000000010000000000011010
00000000000000000111000000010010
00000001101011100100000000100000
00100000000000010000000000000001
00000001111000010111100000100010
00100000000000100000000000000001
00000000000010000010000000100000
00000000000000000000000000001100
00100000000000100000000000000100
00111100000000010001000000000001
00110100001001000000000000000000
00000000000000000000000000001100
00001000000100000000000000000010
00100000000000100000000000001010
00000000000000000000000000001100
