00100100000010000000000110111101
00100100000010010000000000001010
00100100000010100000000000001010
00100100000010110000000000000000
00100100000011000000000000000000
00100100000011010000000000000000
00100100000100000000000000000000
00001100000100000000000000001010
00100100000000100000000000001010
00000000000000000000000000001100
01110001000010000100000000000010
00000000000010000101100000100001
00001000000100000000000000001110
00000011111000000000000000001000
00010001011000000000000000000110
00010101001000000000000000000001
00000000000000000000000000001101
00000001011010010000000000011010
00000000000000000101100000010010
00100010000100000000000000000001
00001000000100000000000000001110
00100000000000010000000000000100
00000010000000010110000000100010
00100000000000010000000000000010
00000001100000010000000000011010
00000000000000000110000000010010
00000010000011000110100000100010
00001000000100000000000000011101
00000011111000000000000000001000
00100000000000010000000000000001
00010000001011010000000000000101
00100000000000010000000000001010
01110001001000010100100000000010
00100000000000010000000000000001
00000001101000010110100000100010
00001000000100000000000000011101
00100000000000010000000000000001
00010000001011000000000000000101
00100000000000010000000000001010
01110001010000010101000000000010
00100000000000010000000000000001
00000001100000010110000000100010
00001000000100000000000000100100
00010101001000000000000000000001
00000000000000000000000000001101
00000001000010010000000000011010
00000000000000000101100000010010
01110001011010010101100000000010
00000001000010110100000000100010
00010101010000000000000000000001
00000000000000000000000000001101
00000001000010100000000000011010
00000000000000000100000000010010
00100100000000100000000000000001
00000000000010000010000000100001
00000000000000000000000000001100
