00100000000110010000000000000001
00100000000100100000000000001101
00100000000000010000000000001010
00000000001110010000100000101010
00010100001000000000000000011110
00111100000000010000000000000001
00110100001000010000001100111000
00000000000000010100100000100000
00000010010010010000000000011000
00000000000000001000000000010010
00100000000010110000000000000000
00000010000010110110000000100000
00111100000000010000000000000000
00110100001000011010011111000101
00000000000000010110100000100000
00010101101000000000000000000001
00000000000000000000000000001101
00000001100011010000000000011010
00000000000000000111000000010010
00000001110011010000000000011000
00000000000000001000100000010010
00000001100100011100000000100010
00000000000110000000111111000011
00000000001110001100000000100110
00000011000000011100000000100011
00000000000110001001000000100001
00100100000000100000000000000001
00000000000100100010000000100000
00000000000000000000000000001100
00100100000000100000000000000100
00111100000000010001000000000001
00110100001001000000000000000000
00000000000000000000000000001100
00100011001110010000000000000001
00001000000100000000000000000010
