00100000000110010000000000000001
00100000000100010000000000000010
00100000000100100000000000000001
00100000000000010000000001100100
00000000001110010000100000101010
00010100001000000000000000010111
00000010001100101001100000100000
00100000000010110000000011100111
00010101011000000000000000000001
00000000000000000000000000001101
00000010011010110000000000011010
00000000000000000110000000010010
00000001100010110000000000011000
00000000000000001010100000010010
00000010011101011100000000100010
00000000000110000000111111000011
00000000001110001100000000100110
00000011000000011100000000100011
00000000000100011001000000100001
00000000000110001000100000100001
00100100000000100000000000000001
00000000000110000010000000100000
00000000000000000000000000001100
00100100000000100000000000000100
00111100000000010001000000000001
00110100001001000000000000000000
00000000000000000000000000001100
00100011001110010000000000000001
00001000000100000000000000000011
