00100000000110010000000000000001
00100000000100000000000000000000
00100000000011100000000000110011
00100000000011110000000011101101
00100000000110000000000000000111
00100000000000010000000000001010
00000000001110010000100000101010
00010100001000000000000000011101
00000010000100000000000000011000
00000000000000000100000000010010
00000001110010000000000000011000
00000000000000000100100000010010
00000011000100000000000000011000
00000000000000000101000000010010
00000001001010100101100000100000
00000001011011110110000000100000
00100000000011010000000001100100
00010101101000000000000000000001
00000000000000000000000000001101
00000001100011010000000000011010
00000000000000001000100000010010
00000010001011010000000000011000
00000000000000001001000000010010
00000001100100101001100000100010
00000000000100110000111111000011
00000000001100111001100000100110
00000010011000011001100000100011
00000000000100111000000000100001
00100100000000100000000000000001
00000000000100110010000000100000
00000000000000000000000000001100
00100100000000100000000000000100
00111100000000010001000000000001
00110100001001000000000000000000
00000000000000000000000000001100
00100011001110010000000000000001
00001000000100000000000000000101
00100100000000100000000000001010
00000000000000000000000000001100
